isArray: 152.89999997615814
typeof:  131.30000007152557